1524
1379
1243
1217
1266
1220
1271
813
933
994
1165
1219
1242
1208
1434
1638
1393
1337
1186
1192
1211
1261
965
978
1004
1166
1199
1197
1151
1173
1606
1539
1408
1225
1271
1228
1211
1186
834
1065
1118
1190
1247
1213
1238
1428
1568
1384
1282
1258
1252
1249
1227
933
975
996
1096
1318
1203
1257
1195
1623
1542
1422
1236
1230
1187
1188
1055
900
1083
1081
1242
1206
1189
1166
1417
1612
1489
1260
1248
1270
1270
1229
940
867
1035
1195
1218
1232
1219
1259
1557
1459
1352
1203
1254
1304
1224
1031
925
1048
1141
1182
1152
1184
1255
1529
1586
1499
1249
1229
1255
1196
1194
890
1014
1046
1197
1262
1231
1192
1251
1545
1411
1440
1237
1263
1278
1286
1008
941
975
1108
1242
1260
1209
1217
1666
1625
1412
1229
1206
1244
1317
1222
956
1051
1161
1198
1236
1150
1170
1471
1635
1497
1368
1292
1253
1264
1220
940
906
1110
1129
1378
1253
1254
1207
1577
1479
1372
1301
1273
1256
1257
1114
888
1092
1073
1167
1226
1287
1199
1475
1659
1442
1310
1242
1200
1220
1309
922
947
1108
1227
1258
1265
1167
1167
1606
1568
1437
1253
1298
1277
1269
1009
858
1003
1215
1222
1229
1249
1273
1610
1587
1428
1172
1252
1332
1242
1257
926
935
1104
1216
1187
1213
1289
1231
1593
1440
1401
1270
1291
1217
1190
1018
1017
1046
1192
1270
1272
1264
1227
1551
1575
1513
1240
1255
1295
1296
1274
984
946
1028
1262
1306
1224
1241
1519
1663
1541
1354
1195
1250
1337
1247
925
985
1091
1194
1304
1200
1190
1273
1678
1558
1440
1306
1291
1320
1243
1171
914
1228
1081
1233
1275
1268
1257
1545
1594
1498
1367
1280
1257
1285
1305
947
1044
1078
1133
1256
1333
1221
1238
1648
1569
1484
1315
1235
1243
1325
1039
915
1049
1220
1251
1302
1221
1174
1652
1683
1488
1266
1302
1304
1316
1302
865
940
1183
1225
1247
1266
1284
1282
1683
1403
1353
1299
1358
1264
1278
1058
979
1126
1232
1191
1221
1320
1241
1640
1654
1489
1278
1344
1273
1224
1301
1058
993
1142
1276
1277
1297
1261
1432
1615
1608
1384
1282
1314
1316
1315
1012
973
1014
1226
1360
1241
1267
1294
1670
1648
1462
1223
1269
1375
1277
1262
974
1195
1169
1301
1229
1213
1306
1630
1610
1531
1309
1288
1361
1311
1234
929
1100
1106
1249
1301
1289
1303
1300
1608
1403
1495
1287
1278
1316
1317
1056
1020
1117
1189
1268
1341
1246
1264
1692
1636
1517
1300
1251
1263
1368
1289
927
1050
1142
1283
1337
1294
1223
1531
1661
1512
1415
1321
1312
1353
1330
945
936
1185
1202
1281
1299
1300
1296
1739
1627
1425
1316
1349
1288
1312
1325
996
1238
1185
1239
1260
1360
1254
1538
1687
1558
1417
1347
1318
1262
1323
975
982
1113
1237
1433
1330
1315
1245
1662
1668
1477
1313
1345
1328
1333
1106
961
1074
1222
1309
1269
1299
1299
1591
1719
1549
1300
1289
1394
1300
1302
984
1023
1179
1290
1295
1255
1332
1302
1645
1549
1500
1335
1374
1355
1291
1053
1104
1055
1247
1306
1305
1313
1318
1684
1627
1601
1286
1310
1340
1339
1330
1015
1074
1137
1275
1366
1271
1294
1462
1691
1537
1492
1321
1302
1386
1315
1036
1024
1142
1258
1351
1333
1271
1294
1728
1625
1474
1329
1337
1359
1364
1333
974
1171
1156
1278
1327
1315
1304
1572
1729
1539
1442
1372
1305
1329
1348
1012
1083
1147
1248
1395
1370
1292
1293
1747
1635
1522
1370
1358
1329
1360
1247
977
1174
1234
1301
1353
1336
1310
1539
1723
1514
1390
1343
1346
1352
1366
1007
1033
1201
1289
1319
1325
1329
1320
1734
1652
1512
1343
1410
1316
1327
1097
996
1132
1272
1338
1320
1348
1326
1677
1693
1581
1352
1362
1370
1347
1342
1054
1028
1182
1323
1333
1337
1339
1344
1722
1522
1498
1328
1360
1361
1354
1125
1036
1172
1285
1375
1293
1313
1340
1730
1707
1560
1343
1354
1405
1344
1335
1012
1093
1180
1356
1348
1332
1338
1615
1702
1584
1503
1360
1386
1375
1368
1048
1097
1150
1250
1398
1336
1329
1354
1747
1685
1535
1405
1321
1359
1376
1361
1069
1247
1223
1330
1397
1310
1315
1604
1704
1584
1460
1369
1381
1388
1411
970
1049
1178
1277
1526
1347
1338
1342
1804
1635
1516
1388
1364
1375
1388
1131
1036
1230
1283
1306
1351
1349
1337
1706
1720
1590
1411
1426
1342
1345
1386
1033
1084
1246
1325
1367
1380
1361
1318
1725
1554
1543
1412
1375
1382
1390
1177
1010
1181
1332
1362
1369
1358
1342
1760
1737
1550
1329
1381
1379
1375
1403
1057
1134
1231
1413
1320
1345
1363
1595
1771
1633
1469
1389
1438
1383
1351
1053
1066
1158
1319
1440
1364
1379
1411
1741
1677
1563
1386
1414
1390
1377
1343
1125
1240
1214
1346
1361
1350
1385
1611
1750
1612
1499
1349
1384
1397
1389
1065
1080
1200
1327
1491
1345
1337
1365
1755
1681
1605
1397
1401
1425
1447
1091
1030
1167
1269
1398
1363
1359
1373
1806
1712
1584
1400
1374
1404
1417
1381
1053
1132
1303
1309
1365
1367
1360
1404
1754
1519
1586
1468
1374
1377
1407
1142
1084
1216
1324
1380
1416
1417
1341
1766
1716
1623
1406
1400
1393
1421
1473
1019
1111
1234
1376
1397
1392
1357
1597
1823
1634
1503
1386
1398
1396
1446
1094
1075
1239
1400
1380
1360
1379
1375
1796
1734
1529
1401
1458
1435
1380
1404
1086
1220
1288
1370
1372
1398
1455
1642
1748
1658
1485
1434
1425
1386
1418
1132
1106
1183
1325
1484
1382
1426
1371
1782
1713
1657
1413
1403
1409
1408
1178
1069
1171
1314
1438
1402
1369
1384
1743
1746
1674
1400
1408
1445
1484
1408
1046
1118
1251
1404
1411
1361
1397
1452
1803
1561
1574
1420
1428
1459
1402
1166
1102
1271
1339
1376
1380
1384
1428
1810
1719
1656
1462
1428
1416
1429
1423
1055
1178
1235
1381
1430
1449
1384
1592
1786
1612
1593
1433
1402
1435
1491
1142
1092
1255
1341
1418
1434
1367
1392
1830
1783
1570
1417
1417
1420
1472
1442
1083
1216
1341
1414
1401
1401
1396
1679
1822
1636
1519
1450
1474
1426
1431
1060
1103
1267
1347
1502
1413
1466
1418
1829
1721
1613
1458
1473
1400
1428
1292
1129
1291
1309
1380
1398
1458
1416
1659
1795
1692
1495
1426
1426
1424
1461
1128
1092
1281
1398
1461
1415
1423
1401
1756
1729
1616
1418
1446
1497
1451
1200
1083
1183
1374
1445
1381
1400
1453
1804
1773
1676
1412
1416
1488
1440
1423
1086
1225
1291
1412
1404
1396
1444
1495
1773
1583
1627
1468
1455
1466
1437
1177
1164
1251
1355
1441
1464
1431
1435
1805
1743
1662
1474
1412
1435
1488
1478
1122
1194
1263
1409
1470
1416
1401
1685
1832
1706
1577
1436
1433
1490
1497
1059
1131
1285
1388
1556
1438
1410
1423
1888
1733
1592
1464
1487
1473
1475
1371
1091
1371
1363
1389
1419
1467
1444
1706
1820
1643
1522
1491
1443
1442
1468
1171
1165
1313
1370
1489
1468
1473
1400
1806
1783
1664
1484
1475
1440
1464
1248
1082
1224
1373
1455
1454
1463
1422
1794
1822
1717
1434
1429
1501
1478
1483
1102
1153
1306
1473
1424
1416
1454
1466
1826
1628
1597
1449
1501
1502
1436
1204
1164
1259
1440
1456
1423
1447
1493
1816
1773
1689
1473
1480
1509
1462
1448
1160
1231
1267
1442
1473
1455
1467
1701
1824
1720
1662
1434
1449
1497
1499
1144
1193
1255
1361
1508
1471
1425
1438
1884
1793
1657
1475
1448
1491
1530
1449
1124
1364
1335
1460
1483
1440
1431
1750
1857
1682
1553
1495
1489
1509
1489
1101
1178
1324
1364
1522
1473
1461
1468
1857
1752
1648
1522
1499
1455
1477
1242
1147
1331
1357
1422
1472
1507
1425
1774
1850
1701
1519
1502
1474
1469
1525
1136
1164
1333
1463
1473
1491
1467
1440
1836
1734
1626
1466
1509
1494
1503
1276
1141
1234
1460
1467
1444
1461
1482
1869
1857
1693
1445
1514
1531
1471
1473
1176
1298
1360
1480
1452
1468
1505
1713
1834
1732
1592
1495
1527
1498
1468
1166
1221
1259
1380
1623
1472
1489
1484
1871
1789
1717
1481
1481
1505
1502
1381
1189
1368
1337
1483
1504
1447
1450
1758
1847
1718
1569
1464
1501
1548
1498
1131
1213
1345
1436
1526
1474
1452
1498
1898
1712
1661
1533
1501
1529
1521
1228
1160
1315
1397
1456
1487
1473
1482
1899
1825
1712
1520
1519
1490
1495
1523
1133
1240
1362
1451
1488
1524
1462
1476
1873
1630
1656
1541
1504
1500
1541
1271
1169
1306
1472
1486
1512
1495
1463
1893
1877
1682
1468
1525
1506
1519
1544
1179
1243
1373
1516
1480
1485
1497
1730
1900
1761
1607
1515
1557
1494
1502
1183
1184
1312
1448
1549
1481
1520
1506
1880
1820
1691
1514
1546
1519
1500
1481
1225
1369
1355
1501
1481
1500
1517
1753
1865
1760
1598
1496
1519
1532
1517
1204
1223
1318
1454
1629
1475
1482
1515
1869
1807
1731
1525
1519
1563
1532
1249
1158
1324
1392
1515
1502
1483
1508
1904
1835
1732
1547
1498
1532
1555
1516
1165
1272
1378
1464
1507
1505
1491
1534
1878
1645
1700
1566
1509
1523
1554
1263
1198
1337
1473
1499
1538
1504
1489
1925
1856
1727
1529
1533
1518
1556
1570
1161
1256
1383
1496
1520
1520
1500
1730
1935
1750
1644
1540
1536
1528
1561
1241
1209
1362
1498
1494
1498
1528
1494
1920
1858
1678
1534
1574
1529
1524
1549
1197
1370
1411
1520
1506
1531
1545
1755
1888
1787
1606
1538
1551
1531
1550
1229
1205
1313
1453
1669
1504
1539
1517
1926
1854
1749
1528
1539
1561
1532
1342
1213
1353
1427
1541
1505
1509
1529
1808
1889
1774
1582
1515
1568
1579
1539
1185
1266
1371
1483
1548
1505
1523
1562
1886
1737
1723
1547
1544
1571
1547
1297
1218
1336
1474
1505
1537
1506
1541
1931
1872
1779
1566
1535
1540
1574
1551
1178
1295
1374
1522
1554
1548
1511
1650
1950
1735
1710
1556
1542
1571
1603
1254
1215
1377
1468
1535
1546
1520
1522
1962
1876
1708
1541
1570
1543
1579
1557
1218
1351
1443
1509
1523
1551
1526
1779
1943
1791
1654
1578
1574
1554
1561
1216
1214
1375
1471
1653
1543
1577
1524
1930
1864
1731
1578
1574
1543
1562
1340
1204
1361
1448
1534
1531
1562
1533
1865
1928
1807
1564
1546
1583
1559
1571
1213
1251
1420
1549
1547
1534
1545
1543
1897
1778
1723
1564
1585
1608
1561
1315
1246
1324
1521
1540
1522
1547
1575
1938
1886
1801
1548
1549
1600
1561
1560
1221
1327
1385
1534
1563
1529
1557
1708
1907
1737
1743
1567
1569
1584
1577
1275
1269
1389
1484
1576
1575
1540
1541
1959
1882
1749
1563
1552
1578
1616
1576
1239
1389
1427
1531
1575
1536
1539
1812
1972
1792
1675
1584
1566
1601
1589
1241
1343
1524
1538
1621
1567
1553
1541
1758
1681
1633
1588
1601
1577
1582
1537
1429
1537
1526
1537
1557
1585
1552
1658
1727
1660
1591
1593
1564
1573
1605
1486
1460
1516
1559
1556
1580
1557
1528
1712
1715
1642
1570
1590
1585
1586
1499
1431
1485
1563
1584
1557
1557
1563
1657
1730
1673
1542
1571
1618
1589
1591
1474
1470
1518
1590
1545
1545
1572
1574
1710
1630
1643
1563
1610
1595
1568
1487
1497
1507
1559
1577
1556
1555
1582
1650
1693
1673
1573
1583
1605
1591
1480
1494
1492
1545
1587
1579
1558
1565
1676
1694
1673
1575
1557
1591
1624
1596
1466
1513
1522
1576
1592
1540
1549
1678
1736
1674
1628
1585
1577
1626
1603
1461
1478
1543
1549
1620
1575
1554
1566
1743
1677
1635
1599
1596
1596
1606
1563
1459
1572
1541
1551
1567
1588
1564
1663
1730
1654
1613
1608
1574
1589
1620
1498
1489
1542
1570
1563
1601
1564
1537
1716
1718
1651
1590
1602
1593
1613
1521
1454
1507
1572
1588
1576
1576
1564
1658
1750
1676
1560
1578
1618
1604
1610
1497
1486
1556
1602
1554
1559
1586
1572
1724
1651
1642
1574
1629
1604
1584
1499
1506
1530
1582
1594
1565
1583
1597
1656
1702
1682
1585
1605
1614
1609
1596
1529
1506
1518
1580
1596
1574
1581
1671
1717
1687
1667
1568
1589
1622
1616
1499
1507
1537
1553
1621
1578
1554
1571
1709
1710
1666
1599
1583
1621
1637
1592
1483
1571
1555
1589
1595
1572
1564
1718
1729
1656
1623
1605
1606
1623
1623
1490
1517
1567
1549
1634
1591
1576
1579
1743
1704
1654
1634
1603
1592
1615
1539
1499
1563
1571
1572
1601
1606
1556
1671
1741
1670
1618
1609
1605
1611
1653
1504
1497
1565
1587
1590
1596
1587
1563
1749
1697
1646
1592
1620
1612
1623
1534
1494
1527
1620
1589
1574
1583
1588
1688
1737
1690
1580
1624
1637
1603
1613
1516
1516
1564
1614
1590
1581
1618
1610
1728
1664
1659
1602
1628
1626
1607
1536
1534
1537
1573
1614
1585
1594
1602
1686
1719
1702
1598
1602
1623
1625
1627
1530
1559
1544
1622
1614
1573
1584
1695
1736
1706
1662
1597
1615
1662
1629
1507
1520
1548
1580
1675
1596
1573
1611
1758
1708
1667
1622
1610
1632
1646
1537
1510
1594
1572
1594
1599
1590
1591
1706
1746
1672
1652
1627
1611
1626
1643
1509
1538
1588
1588
1608
1627
1587
1589
1745
1685
1678
1635
1625
1616
1659
1549
1509
1552
1608
1598
1608
1608
1584
1702
1769
1692
1599
1631
1619
1634
1654
1523
1518
1594
1623
1599
1600
1605
1644
1759
1697
1651
1621
1653
1628
1633
1539
1510
1567
1614
1616
1588
1625
1613
1701
1734
1687
1599
1634
1647
1624
1644
1562
1547
1577
1622
1596
1600
1622
1704
1739
1742
1672
1617
1632
1642
1633
1539
1545
1548
1604
1686
1598
1603
1614
1742
1726
1708
1626
1623
1667
1647
1534
1526
1561
1587
1625
1620
1590
1610
1730
1742
1706
1642
1605
1636
1662
1644
1521
1573
1588
1610
1623
1608
1595
1621
1765
1672
1699
1650
1629
1646
1658
1529
1528
1585
1615
1611
1639
1609
1609
1716
1744
1694
1630
1649
1629
1659
1674
1524
1559
1598
1605
1616
1626
1605
1684
1787
1707
1681
1636
1633
1638
1667
1545
1523
1594
1626
1624
1619
1627
1596
1716
1763
1686
1621
1659
1644
1652
1663
1538
1572
1603
1636
1605
1626
1631
1709
1766
1725
1646
1628
1656
1641
1651
1565
1540
1578
1620
1680
1606
1627
1619
1742
1755
1716
1634
1643
1665
1636
1577
1551
1593
1600
1650
1614
1621
1630
1708
1756
1726
1653
1619
1661
1671
1650
1552
1567
1580
1615
1640
1610
1616
1637
1762
1733
1720
1633
1633
1667
1657
1539
1561
1589
1612
1633
1636
1605
1617
1733
1748
1719
1656
1630
1658
1675
1655
1535
1575
1597
1619
1642
1632
1618
1634
1786
1677
1694
1648
1637
1656
1683
1547
1553
1608
1621
1626
1638
1622
1608
1737
1767
1702
1642
1663
1638
1660
1675
1546
1569
1618
1627
1634
1644
1618
1705
1787
1722
1674
1655
1655
1659
1677
1566
1541
1590
1622
1652
1631
1642
1614
1753
1771
1703
1637
1659
1656
1648
1669
1557
1610
1615
1646
1617
1630
1634
1712
1778
1742
1666
1647
1678
1654
1658
1567
1558
1590
1637
1672
1630
1636
1640
1753
1757
1718
1635
1656
1683
1659
1565
1570
1584
1608
1647
1627
1616
1638
1735
1767
1742
1666
1628
1666
1672
1657
1566
1590
1603
1643
1660
1626
1624
1637
1767
1693
1724
1653
1656
1678
1684
1554
1563
1598
1623
1647
1654
1622
1636
1754
1762
1726
1650
1651
1653
1686
1676
1563
1587
1622
1634
1646
1635
1618
1726
1797
1717
1704
1669
1656
1667
1684
1559
1552
1621
1628
1651
1646
1624
1763
1765
1695
1666
1674
1655
1678
1694
1556
1621
1628
1633
1633
1654
1633
1739
1797
1740
1670
1664
1664
1657
1685
1576
1563
1614
1649
1661
1640
1645
1625
1765
1777
1718
1661
1681
1680
1666
1584
1556
1578
1634
1658
1638
1643
1654
1734
1781
1749
1639
1650
1689
1671
1684
1576
1589
1602
1665
1642
1625
1651
1730
1788
1741
1725
1651
1676
1685
1670
1567
1589
1603
1639
1677
1649
1637
1653
1747
1759
1731
1666
1660
1683
1699
1676
1580
1624
1605
1658
1665
1635
1646
1757
1797
1744
1708
1660
1657
1693
1691
1573
1586
1622
1631
1726
1654
1627
1642
1804
1760
1734
1687
1674
1678
1701
1589
1549
1632
1635
1652
1662
1661
1637
1756
1798
1723
1679
1678
1670
1690
1705
1578
1584
1647
1643
1642
1661
1649
1645
1794
1758
1724
1685
1682
1669
1688
1601
1565
1612
1674
1661
1656
1671
1643
1737
1800
1753
1663
1686
1697
1686
1710
1582
1578
1622
1680
1652
1656
1674
1686
1807
1748
1713
1659
1692
1689
1693
1598
1588
1620
1672
1675
1640
1652
1665
1751
1790
1753
1667
1687
1707
1688
1683
1598
1602
1628
1681
1673
1648
1675
1754
1785
1756
1722
1669
1690
1709
1702
1590
1609
1609
1642
1719
1654
1658
1666
1796
1781
1760
1687
1664
1691
1706
1665
1593
1665
1643
1674
1686
1647
1647
1764
1795
1752
1719
1688
1687
1718
1707
1573
1597
1644
1650
1686
1684
1660
1670
1815
1766
1736
1692
1682
1698
1714
1606
1580
1634
1668
1655
1669
1671
1651
1770
1815
1758
1686
1701
1689
1694
1718
1579
1605
1653
1681
1672
1689
1672
1652
1815
1741
1732
1688
1705
1698
1712
1619
1583
1620
1683
1667
1672
1680
1672
1764
1826
1761
1662
1697
1701
1697
1715
1609
1607
1651
1701
1665
1662
1678
1752
1816
1783
1732
1686
1722
1716
1698
1601
1609
1620
1672
1712
1669
1682
1688
1786
1791
1756
1684
1695
1718
1715
1699
1620
1675
1638
1684
1677
1664
1678
1784
1813
1782
1738
1682
1698
1720
1700
1604
1621
1642
1667
1740
1684
1661
1675
1809
1787
1766
1707
1697
1721
1733
1599
1593
1642
1653
1688
1695
1680
1665
1797
1821
1761
1701
1688
1699
1722
1727
1595
1631
1676
1676
1686
1689
1662
1680
1834
1764
1757
1719
1713
1707
1722
1610
1597
1645
1702
1681
1699
1699
1673
1780
1827
1758
1692
1721
1712
1717
1747
1612
1617
1665
1685
1681
1692
1692
1753
1845
1798
1745
1700
1717
1708
1727
1622
1612
1641
1705
1705
1681
1692
1674
1781
1825
1768
1695
1725
1734
1719
1727
1621
1636
1663
1707
1691
1683
1707
1789
1827
1795
1729
1697
1724
1732
1720
1628
1638
1642
1684
1761
1675
1687
1699
1827
1807
1794
1716
1712
1733
1716
1633
1618
1672
1667
1712
1710
1686
1690
1792
1818
1781
1734
1703
1718
1752
1737
1617
1641
1657
1690
1710
1698
1685
1704
1850
1789
1777
1719
1703
1730
1740
1627
1614
1669
1702
1703
1710
1678
1685
1800
1836
1781
1721
1732
1723
1740
1741
1603
1636
1680
1698
1705
1717
1700
1722
1859
1751
1756
1723
1727
1724
1753
1638
1621
1674
1701
1696
1702
1705
1688
1800
1846
1774
1712
1738
1717
1728
1747
1630
1642
1697
1721
1703
1709
1699
1779
1851
1809
1742
1718
1748
1741
1746
1641
1613
1654
1702
1769
1694
1715
1709
1842
1837
1788
1705
1729
1742
1731
1675
1640
1688
1695
1726
1692
1694
1711
1797
1834
1812
1755
1718
1746
1746
1725
1635
1648
1681
1710
1740
1708
1709
1721
1823
1804
1793
1726
1724
1756
1754
1646
1640
1659
1694
1718
1717
1700
1707
1821
1845
1814
1740
1710
1732
1754
1749
1624
1663
1692
1717
1733
1714
1692
1719
1856
1773
1784
1740
1737
1754
1768
1618
1637
1678
1697
1733
1727
1714
1711
1858
1832
1774
1737
1739
1732
1758
1749
1633
1717
1712
1701
1713
1718
1706
1803
1872
1809
1765
1749
1740
1738
1755
1644
1636
1691
1722
1745
1729
1730
1696
1853
1843
1791
1733
1757
1753
1759
1671
1631
1663
1706
1725
1713
1722
1720
1812
1865
1830
1721
1729
1755
1751
1752
1658
1660
1702
1743
1723
1709
1721
1718
1849
1800
1805
1736
1763
1770
1743
1655
1651
1680
1722
1741
1724
1725
1740
1815
1845
1816
1731
1737
1760
1769
1758
1663
1681
1680
1732
1734
1716
1717
1812
1870
1814
1812
1734
1742
1766
1763
1635
1668
1693
1717
1753
1744
1710
1718
1836
1849
1796
1752
1747
1765
1788
1761
1645
1706
1702
1722
1741
1731
1721
1839
1890
1818
1781
1746
1747
1762
1780
1655
1664
1713
1714
1790
1733
1727
1711
1884
1858
1810
1763
1772
1751
1765
1682
1639
1699
1724
1734
1738
1754
1720
1821
1877
1819
1751
1755
1766
1768
1787
1679
1661
1712
1736
1734
1731
1740
1725
1869
1855
1813
1747
1765
1767
1757
1684
1660
1688
1752
1756
1731
1734
1732
1820
1867
1845
1741
1761
1793
1770
1773
1668
1672
1696
1756
1747
1735
1750
1783
1881
1812
1809
1744
1763
1781
1768
1679
1686
1707
1732
1759
1737
1725
1745
1838
1866
1833
1762
1760
1774
1779
1767
1667
1696
1706
1756
1772
1738
1737
1843
1882
1834
1806
1755
1767
1797
1798
1661
1682
1703
1719
1781
1752
1734
1745
1892
1867
1818
1770
1761
1765
1787
1771
1661
1750
1737
1746
1754
1745
1730
1839
1896
1825
1797
1782
1772
1783
1794
1670
1664
1726
1738
1773
1766
1755
1740
1895
1866
1822
1767
1779
1773
1792
1705
1666
1707
1745
1747
1739
1753
1738
1846
1902
1852
1768
1769
1781
1774
1790
1682
1679
1738
1775
1759
1754
1754
1742
1878
1827
1819
1767
1796
1800
1787
1697
1679
1697
1759
1768
1746
1757
1771
1852
1892
1856
1754
1769
1793
1787
1791
1701
1707
1721
1776
1761
1740
1757
1835
1895
1851
1839
1769
1788
1803
1791
1673
1692
1716
1747
1785
1765
1754
1765
1866
1870
1835
1777
1771
1797
1816
1794
1695
1743
1727
1755
1768
1751
1754
1869
1911
1865
1822
1776
1776
1803
1799
1678
1705
1753
1752
1782
1768
1748
1752
1896
1864
1841
1798
1796
1803
1813
1700
1667
1718
1755
1764
1772
1777
1755
1869
1907
1849
1777
1784
1782
1802
1822
1694
1708
1753
1771
1760
1769
1757
1756
1913
1846
1841
1793
1803
1794
1799
1707
1677
1728
1784
1782
1773
1778
1762
1855
1898
1846
1771
1802
1813
1807
1820
1707
1702
1733
1786
1759
1767
1785
1861
1922
1890
1829
1772
1801
1805
1806
1708
1713
1733
1775
1802
1766
1762
1769
1885
1898
1863
1793
1801
1822
1809
1797
1696
1757
1744
1789
1787
1769
1782
1876
1907
1863
1825
1778
1803
1828
1816
1709
1722
1739
1758
1812
1768
1763
1777
1929
1894
1875
1808
1797
1809
1818
1694
1694
1748
1764
1789
1799
1774
1759
1880
1908
1863
1809
1799
1811
1832
1828
1699
1710
1758
1769
1786
1793
1775
1784
1937
1857
1843
1805
1801
1806
1826
1722
1699
1752
1796
1778
1785
1779
1761
1879
1932
1870
1803
1827
1815
1812
1829
1702
1713
1757
1798
1789
1800
1791
1840
1932
1868
1835
1797
1826
1821
1833
1729
1708
1740
1789
1775
1781
1796
1868
1942
1895
1850
1799
1821
1814
1821
1720
1718
1747
1796
1815
1786
1784
1786
1890
1914
1874
1804
1820
1840
1830
1823
1724
1750
1761
1805
1797
1786
1804
1893
1930
1892
1840
1789
1819
1838
1827
1728
1736
1758
1777
1850
1781
1780
1795
1941
1912
1890
1826
1815
1831
1830
1721
1712
1771
1770
1808
1815
1798
1787
1895
1922
1875
1829
1812
1825
1850
1845
1721
1731
1774
1780
1803
1808
1789
1800
1954
1905
1874
1827
1814
1823
1844
1738
1717
1762
1808
1804
1807
1798
1777
1896
1940
1894
1816
1837
1837
1835
1849
1711
1723
1779
1806
1806
1816
1811
1833
1953
1877
1850
1817
1836
1833
1848
1748
1733
1768
1810
1802
1798
1807
1800
1904
1950
1891
1813
1840
1837
1826
1842
1741
1742
1781
1829
1815
1805
1814
1882
1947
1915
1860
1821
1850
1852
1850
1742
1734
1749
1799
1847
1803
1812
1816
1957
1940
1894
1813
1825
1846
1845
1823
1743
1801
1788
1823
1813
1795
1807
1911
1950
1907
1866
1832
1846
1863
1835
1730
1743
1774
1803
1850
1825
1814
1818
1959
1914
1891
1838
1835
1854
1863
1749
1731
1782
1784
1812
1823
1806
1805
1936
1966
1911
1847
1830
1830
1853
1861
1730
1758
1805
1826
1835
1830
1800
1807
1966
1884
1888
1848
1855
1854
1869
1753
1724
